timestamp,signal
1,NIL
2,NIL
3,NIL
4,NIL
5,NIL
6,NIL
7,NIL
8,NIL
9,NIL
10,NIL
11,NIL
12,NIL
13,NIL
14,NIL
15,NIL
16,NIL
17,NIL
18,NIL
19,NIL
20,NIL
21,NIL
22,NIL
23,NIL
24,NIL
25,NIL
26,NIL
27,NIL
28,NIL
29,NIL
30,NIL
31,NIL
32,NIL
33,NIL
34,NIL
35,NIL
36,NIL
37,NIL
38,NIL
39,NIL
40,NIL
41,NIL
42,NIL
43,NIL
44,NIL
45,NIL
46,NIL
47,NIL
48,NIL
49,NIL
50,NIL
51,NIL
52,NIL
53,NIL
54,NIL
55,NIL
56,NIL
57,NIL
58,NIL
59,NIL
60,NIL
61,NIL
62,NIL
63,NIL
64,NIL
65,NIL
66,NIL
67,NIL
68,NIL
69,NIL
70,NIL
71,NIL
72,NIL
73,NIL
74,NIL
75,NIL
76,NIL
77,NIL
78,NIL
79,NIL
80,NIL
81,NIL
82,NIL
83,NIL
84,NIL
85,NIL
86,NIL
87,NIL
88,NIL
89,NIL
90,NIL
91,NIL
92,NIL
93,NIL
94,NIL
95,NIL
96,NIL
97,NIL
98,NIL
99,NIL
100,NIL
101,NIL
102,NIL
103,NIL
104,NIL
105,NIL
106,NIL
107,NIL
108,NIL
109,NIL
110,NIL
111,NIL
112,NIL
113,NIL
114,NIL
115,NIL
116,NIL
117,NIL
118,NIL
119,NIL
120,NIL
121,NIL
122,NIL
123,NIL
124,NIL
125,NIL
126,NIL
127,NIL
128,NIL
129,NIL
130,NIL
131,NIL
132,NIL
133,NIL
134,NIL
135,NIL
136,NIL
137,NIL
138,NIL
139,NIL
140,NIL
141,NIL
142,NIL
143,NIL
144,NIL
145,NIL
146,NIL
147,NIL
148,NIL
149,NIL
150,NIL
151,NIL
152,NIL
153,NIL
154,NIL
155,NIL
156,NIL
157,NIL
158,NIL
159,NIL
160,NIL
161,NIL
162,NIL
163,NIL
164,NIL
165,NIL
166,NIL
167,NIL
168,NIL
169,NIL
170,NIL
171,NIL
172,NIL
173,NIL
174,NIL
175,NIL
176,NIL
177,NIL
178,NIL
179,NIL
180,NIL
181,NIL
182,NIL
183,NIL
184,NIL
185,NIL
186,NIL
187,NIL
188,NIL
189,NIL
190,NIL
191,NIL
192,NIL
193,NIL
194,NIL
195,NIL
196,NIL
197,NIL
198,NIL
199,NIL
200,NIL
201,NIL
202,NIL
203,NIL
204,NIL
205,NIL
206,NIL
207,NIL
208,NIL
209,NIL
210,NIL
211,NIL
212,NIL
213,NIL
214,NIL
215,NIL
216,NIL
217,NIL
218,NIL
219,NIL
220,NIL
221,NIL
222,NIL
223,NIL
224,NIL
225,NIL
226,NIL
227,NIL
228,NIL
229,NIL
230,NIL
231,NIL
232,NIL
233,NIL
234,NIL
235,NIL
236,NIL
237,NIL
238,NIL
239,NIL
240,NIL
241,NIL
242,NIL
243,NIL
244,NIL
245,NIL
246,NIL
247,NIL
248,NIL
249,NIL
250,NIL
251,NIL
252,NIL
253,NIL
254,NIL
255,NIL
256,NIL
257,NIL
258,NIL
259,NIL
260,NIL
261,NIL
262,NIL
263,NIL
264,NIL
265,NIL
266,NIL
267,NIL
268,NIL
269,NIL
270,NIL
271,NIL
272,NIL
273,NIL
274,NIL
275,NIL
276,NIL
277,NIL
278,NIL
279,NIL
280,NIL
281,NIL
282,NIL
283,NIL
284,NIL
285,NIL
286,NIL
287,NIL
288,NIL
289,NIL
290,NIL
291,NIL
292,NIL
293,NIL
294,NIL
295,NIL
296,NIL
297,NIL
298,NIL
299,NIL
300,NIL
301,NIL
302,NIL
303,NIL
304,NIL
305,NIL
306,NIL
307,NIL
308,NIL
309,NIL
310,NIL
311,NIL
312,NIL
313,NIL
314,NIL
315,NIL
316,NIL
317,NIL
318,NIL
319,NIL
320,NIL
321,NIL
322,NIL
323,NIL
324,NIL
325,NIL
326,NIL
327,NIL
328,NIL
329,NIL
330,NIL
331,NIL
332,NIL
333,NIL
334,NIL
335,NIL
336,NIL
337,NIL
338,NIL
339,NIL
340,NIL
341,NIL
342,NIL
343,NIL
344,NIL
345,NIL
346,NIL
347,NIL
348,NIL
349,NIL
350,NIL
351,NIL
352,NIL
353,NIL
354,NIL
355,NIL
356,NIL
357,NIL
358,NIL
359,NIL
360,NIL
361,NIL
362,NIL
363,NIL
364,NIL
365,NIL
366,NIL
367,NIL
368,NIL
369,NIL
370,NIL
371,NIL
372,NIL
373,NIL
374,NIL
375,NIL
376,NIL
377,NIL
378,NIL
379,NIL
380,NIL
381,NIL
382,NIL
383,NIL
384,NIL
385,NIL
386,NIL
387,NIL
388,NIL
389,NIL
390,NIL
391,NIL
392,NIL
393,NIL
394,NIL
395,NIL
396,NIL
397,NIL
398,NIL
399,NIL
400,NIL
401,NIL
402,NIL
403,NIL
404,NIL
405,NIL
406,NIL
407,NIL
408,NIL
409,NIL
410,NIL
411,NIL
412,NIL
413,NIL
414,NIL
415,NIL
416,NIL
417,NIL
418,NIL
419,NIL
420,NIL
421,NIL
422,NIL
423,NIL
424,NIL
425,NIL
426,NIL
427,NIL
428,NIL
429,NIL
430,NIL
431,NIL
432,NIL
433,NIL
434,NIL
435,NIL
436,NIL
437,NIL
438,NIL
439,NIL
440,NIL
441,NIL
442,NIL
443,NIL
444,NIL
445,NIL
446,NIL
447,NIL
448,NIL
449,NIL
450,NIL
451,NIL
452,NIL
453,NIL
454,NIL
455,NIL
456,NIL
457,NIL
458,NIL
459,NIL
460,NIL
461,NIL
462,NIL
463,NIL
464,NIL
465,NIL
466,NIL
467,NIL
468,NIL
469,NIL
470,NIL
471,NIL
472,NIL
473,NIL
474,NIL
475,NIL
476,NIL
477,NIL
478,NIL
479,NIL
480,NIL
481,ELVEN_WINE
482,NIL
483,NIL
484,NIL
485,NIL
486,NIL
487,NIL
488,NIL
489,NIL
490,NIL
491,NIL
492,NIL
493,NIL
494,NIL
495,NIL
496,NIL
497,NIL
498,NIL
499,NIL
500,NIL
501,NIL
502,NIL
503,NIL
504,NIL
505,NIL
506,NIL
507,NIL
508,NIL
509,NIL
510,NIL
511,NIL
512,NIL
513,NIL
514,NIL
515,NIL
516,NIL
517,NIL
518,NIL
519,NIL
520,NIL
521,NIL
522,NIL
523,NIL
524,NIL
525,NIL
526,NIL
527,NIL
528,NIL
529,NIL
530,NIL
531,NIL
532,NIL
533,NIL
534,NIL
535,NIL
536,NIL
537,NIL
538,NIL
539,NIL
540,NIL
541,NIL
542,NIL
543,NIL
544,NIL
545,NIL
546,NIL
547,NIL
548,NIL
549,NIL
550,NIL
551,NIL
552,NIL
553,NIL
554,NIL
555,NIL
556,NIL
557,NIL
558,NIL
559,NIL
560,NIL
561,NIL
562,NIL
563,NIL
564,NIL
565,NIL
566,NIL
567,NIL
568,NIL
569,NIL
570,NIL
571,NIL
572,NIL
573,NIL
574,NIL
575,NIL
576,NIL
577,NIL
578,NIL
579,NIL
580,NIL
581,NIL
582,NIL
583,NIL
584,NIL
585,NIL
586,NIL
587,NIL
588,NIL
589,NIL
590,NIL
591,NIL
592,NIL
593,NIL
594,NIL
595,NIL
596,NIL
597,NIL
598,NIL
599,NIL
600,NIL
601,NIL
602,NIL
603,NIL
604,NIL
605,NIL
606,NIL
607,NIL
608,NIL
609,NIL
610,NIL
611,NIL
612,NIL
613,NIL
614,NIL
615,NIL
616,NIL
617,NIL
618,NIL
619,NIL
620,NIL
621,NIL
622,NIL
623,NIL
624,NIL
625,NIL
626,NIL
627,NIL
628,NIL
629,NIL
630,NIL
631,NIL
632,NIL
633,NIL
634,NIL
635,NIL
636,NIL
637,NIL
638,NIL
639,NIL
640,NIL
641,NIL
642,NIL
643,NIL
644,NIL
645,NIL
646,NIL
647,NIL
648,NIL
649,NIL
650,NIL
651,NIL
652,NIL
653,NIL
654,NIL
655,NIL
656,NIL
657,NIL
658,NIL
659,NIL
660,NIL
661,NIL
662,NIL
663,NIL
664,NIL
665,NIL
666,NIL
667,NIL
668,NIL
669,NIL
670,NIL
671,NIL
672,NIL
673,NIL
674,NIL
675,NIL
676,NIL
677,NIL
678,NIL
679,NIL
680,NIL
681,NIL
682,NIL
683,NIL
684,NIL
685,NIL
686,NIL
687,NIL
688,NIL
689,NIL
690,NIL
691,NIL
692,NIL
693,NIL
694,NIL
695,NIL
696,NIL
697,NIL
698,NIL
699,NIL
700,NIL
701,NIL
702,NIL
703,NIL
704,NIL
705,NIL
706,NIL
707,NIL
708,NIL
709,NIL
710,NIL
711,NIL
712,NIL
713,NIL
714,NIL
715,NIL
716,NIL
717,NIL
718,NIL
719,NIL
720,NIL
721,NIL
722,NIL
723,NIL
724,NIL
725,NIL
726,NIL
727,NIL
728,NIL
729,NIL
730,NIL
731,NIL
732,NIL
733,NIL
734,NIL
735,NIL
736,NIL
737,NIL
738,NIL
739,NIL
740,NIL
741,NIL
742,NIL
743,NIL
744,NIL
745,NIL
746,NIL
747,NIL
748,NIL
749,NIL
750,NIL
751,NIL
752,NIL
753,NIL
754,NIL
755,NIL
756,NIL
757,NIL
758,NIL
759,NIL
760,NIL
761,NIL
762,NIL
763,NIL
764,NIL
765,NIL
766,NIL
767,NIL
768,NIL
769,NIL
770,NIL
771,NIL
772,NIL
773,NIL
774,NIL
775,NIL
776,NIL
777,NIL
778,NIL
779,NIL
780,NIL
781,NIL
782,NIL
783,NIL
784,NIL
785,NIL
786,NIL
787,NIL
788,NIL
789,NIL
790,NIL
791,NIL
792,NIL
793,NIL
794,NIL
795,NIL
796,NIL
797,NIL
798,NIL
799,NIL
800,NIL
801,NIL
802,NIL
803,NIL
804,NIL
805,NIL
806,NIL
807,NIL
808,NIL
809,NIL
810,NIL
811,NIL
812,NIL
813,NIL
814,NIL
815,NIL
816,NIL
817,NIL
818,NIL
819,NIL
820,NIL
821,NIL
822,NIL
823,NIL
824,NIL
825,ORBS
826,PHOENIX_FEATHERS
827,ORBS
828,ELVEN_WINE
829,NIL
830,NIL
831,ORBS
832,ELVEN_WINE
833,NIL
834,NIL
835,NIL
836,NIL
837,NIL
838,NIL
839,NIL
840,NIL
841,NIL
842,NIL
843,NIL
844,NIL
845,NIL
846,ORBS
847,PHOENIX_FEATHERS
848,NIL
849,NIL
850,NIL
851,NIL
852,NIL
853,NIL
854,NIL
855,NIL
856,NIL
857,NIL
858,NIL
859,NIL
860,NIL
861,NIL
862,NIL
863,NIL
864,NIL
865,NIL
866,NIL
867,NIL
868,NIL
869,NIL
870,NIL
871,NIL
872,NIL
873,NIL
874,NIL
875,NIL
876,NIL
877,NIL
878,NIL
879,NIL
880,NIL
881,NIL
882,NIL
883,NIL
884,NIL
885,NIL
886,NIL
887,NIL
888,NIL
889,NIL
890,NIL
891,NIL
892,NIL
893,NIL
894,NIL
895,NIL
896,NIL
897,NIL
898,NIL
899,NIL
900,NIL
901,NIL
902,NIL
903,NIL
904,NIL
905,NIL
906,NIL
907,NIL
908,NIL
909,NIL
910,NIL
911,NIL
912,NIL
913,NIL
914,NIL
915,NIL
916,NIL
917,NIL
918,NIL
919,NIL
920,NIL
921,NIL
922,NIL
923,NIL
924,NIL
925,NIL
926,NIL
927,NIL
928,NIL
929,NIL
930,NIL
931,NIL
932,NIL
933,NIL
934,NIL
935,NIL
936,NIL
937,NIL
938,NIL
939,NIL
940,NIL
941,NIL
942,NIL
943,NIL
944,NIL
945,NIL
946,NIL
947,NIL
948,NIL
949,NIL
950,NIL
951,NIL
952,NIL
953,NIL
954,NIL
955,NIL
956,NIL
957,NIL
958,NIL
959,NIL
960,NIL
961,NIL
962,NIL
963,NIL
964,NIL
965,NIL
966,NIL
967,NIL
968,NIL
969,NIL
970,NIL
971,NIL
972,NIL
973,NIL
974,NIL
975,NIL
976,NIL
977,NIL
978,NIL
979,NIL
980,NIL
981,NIL
982,NIL
983,NIL
984,NIL
985,NIL
986,NIL
987,NIL
988,NIL
989,NIL
990,NIL
991,NIL
992,NIL
993,NIL
994,NIL
995,NIL
996,NIL
997,NIL
998,NIL
999,NIL
1000,NIL
1001,NIL
1002,NIL
1003,NIL
1004,NIL
1005,NIL
1006,NIL
1007,NIL
1008,NIL
1009,NIL
1010,NIL
1011,NIL
1012,NIL
1013,NIL
1014,NIL
1015,NIL
1016,NIL
1017,NIL
1018,NIL
1019,NIL
1020,NIL
1021,NIL
1022,NIL
1023,NIL
1024,NIL
1025,NIL
1026,NIL
1027,NIL
1028,NIL
1029,NIL
1030,NIL
1031,NIL
1032,NIL
1033,NIL
1034,NIL
1035,NIL
1036,NIL
1037,NIL
1038,NIL
1039,NIL
1040,NIL
1041,NIL
1042,NIL
1043,NIL
1044,NIL
1045,NIL
1046,NIL
1047,NIL
1048,NIL
1049,NIL
1050,NIL
1051,NIL
1052,NIL
1053,NIL
1054,NIL
1055,NIL
1056,NIL
1057,NIL
1058,NIL
1059,NIL
1060,NIL
1061,NIL
1062,NIL
1063,NIL
1064,NIL
1065,NIL
1066,NIL
1067,NIL
1068,NIL
1069,NIL
1070,NIL
1071,NIL
1072,NIL
1073,NIL
1074,NIL
1075,NIL
1076,NIL
1077,NIL
1078,NIL
1079,NIL
1080,NIL
1081,NIL
1082,NIL
1083,NIL
1084,NIL
1085,NIL
1086,NIL
1087,NIL
1088,NIL
1089,NIL
1090,NIL
1091,NIL
1092,NIL
1093,NIL
1094,NIL
1095,NIL
1096,NIL
1097,NIL
1098,NIL
1099,NIL
1100,NIL
1101,NIL
1102,NIL
1103,NIL
1104,NIL
1105,NIL
1106,NIL
1107,NIL
1108,NIL
1109,NIL
1110,NIL
1111,NIL
1112,NIL
1113,NIL
1114,NIL
1115,NIL
1116,NIL
1117,NIL
1118,NIL
1119,NIL
1120,NIL
1121,NIL
1122,NIL
1123,NIL
1124,NIL
1125,NIL
1126,NIL
1127,NIL
1128,NIL
1129,NIL
1130,NIL
1131,NIL
1132,NIL
1133,NIL
1134,NIL
1135,NIL
1136,NIL
1137,NIL
1138,NIL
1139,NIL
1140,NIL
1141,NIL
1142,NIL
1143,NIL
1144,NIL
1145,NIL
1146,NIL
1147,NIL
1148,NIL
1149,NIL
1150,NIL
1151,NIL
1152,NIL
1153,NIL
1154,NIL
1155,NIL
1156,NIL
1157,NIL
1158,NIL
1159,NIL
1160,NIL
1161,NIL
1162,NIL
1163,NIL
1164,NIL
1165,NIL
1166,NIL
1167,NIL
1168,NIL
1169,NIL
1170,NIL
1171,NIL
1172,NIL
1173,NIL
1174,NIL
1175,NIL
1176,NIL
1177,NIL
1178,NIL
1179,NIL
1180,NIL
1181,NIL
1182,NIL
1183,NIL
1184,NIL
1185,NIL
1186,NIL
1187,NIL
1188,NIL
1189,NIL
1190,NIL
1191,NIL
1192,NIL
1193,NIL
1194,NIL
1195,NIL
1196,NIL
1197,NIL
1198,NIL
1199,NIL
1200,NIL
1201,NIL
1202,NIL
1203,NIL
1204,NIL
1205,NIL
1206,NIL
1207,NIL
1208,NIL
1209,NIL
1210,NIL
1211,NIL
1212,NIL
1213,NIL
1214,NIL
1215,NIL
1216,NIL
1217,NIL
1218,NIL
1219,NIL
1220,NIL
1221,NIL
1222,NIL
1223,NIL
1224,NIL
1225,NIL
1226,NIL
1227,NIL
1228,NIL
1229,NIL
1230,NIL
1231,NIL
1232,NIL
1233,NIL
1234,NIL
1235,NIL
1236,NIL
1237,NIL
1238,NIL
1239,NIL
1240,NIL
1241,NIL
1242,NIL
1243,NIL
1244,NIL
1245,NIL
1246,NIL
1247,NIL
1248,NIL
1249,NIL
1250,NIL
1251,NIL
1252,NIL
1253,NIL
1254,NIL
1255,NIL
1256,NIL
1257,NIL
1258,NIL
1259,NIL
1260,NIL
1261,NIL
1262,NIL
1263,NIL
1264,NIL
1265,NIL
1266,NIL
1267,NIL
1268,NIL
1269,NIL
1270,NIL
1271,NIL
1272,NIL
1273,NIL
1274,NIL
1275,NIL
1276,NIL
1277,NIL
1278,NIL
1279,NIL
1280,NIL
1281,NIL
1282,NIL
1283,NIL
1284,NIL
1285,NIL
1286,NIL
1287,NIL
1288,NIL
1289,NIL
1290,NIL
1291,NIL
1292,NIL
1293,NIL
1294,NIL
1295,NIL
1296,NIL
1297,NIL
1298,NIL
1299,NIL
1300,NIL
1301,NIL
1302,NIL
1303,NIL
1304,NIL
1305,NIL
1306,NIL
1307,NIL
1308,NIL
1309,NIL
1310,NIL
1311,NIL
1312,NIL
1313,NIL
1314,NIL
1315,NIL
1316,NIL
1317,NIL
1318,NIL
1319,NIL
1320,NIL
1321,NIL
1322,NIL
1323,NIL
1324,NIL
1325,NIL
1326,NIL
1327,NIL
1328,NIL
1329,NIL
1330,NIL
1331,NIL
1332,NIL
1333,NIL
1334,NIL
1335,NIL
1336,NIL
1337,NIL
1338,NIL
1339,NIL
1340,NIL
1341,NIL
1342,NIL
1343,NIL
1344,NIL
1345,NIL
1346,NIL
1347,NIL
1348,NIL
1349,NIL
1350,NIL
1351,NIL
1352,NIL
1353,NIL
1354,NIL
1355,NIL
1356,NIL
1357,NIL
1358,NIL
1359,NIL
1360,NIL
1361,NIL
1362,NIL
1363,NIL
1364,NIL
1365,NIL
1366,NIL
1367,NIL
1368,NIL
1369,NIL
1370,NIL
1371,NIL
1372,NIL
1373,NIL
1374,NIL
1375,NIL
1376,NIL
1377,NIL
1378,NIL
1379,NIL
1380,NIL
1381,NIL
1382,NIL
1383,NIL
1384,NIL
1385,NIL
1386,NIL
1387,NIL
1388,NIL
1389,NIL
1390,NIL
1391,NIL
1392,NIL
1393,NIL
1394,NIL
1395,NIL
1396,NIL
1397,NIL
1398,NIL
1399,NIL
1400,NIL
1401,NIL
1402,NIL
1403,NIL
1404,NIL
1405,NIL
1406,NIL
1407,NIL
1408,NIL
1409,NIL
1410,NIL
1411,NIL
1412,NIL
1413,NIL
1414,NIL
1415,NIL
1416,NIL
1417,NIL
1418,NIL
1419,NIL
1420,NIL
1421,NIL
1422,NIL
1423,NIL
1424,NIL
1425,NIL
1426,NIL
1427,NIL
1428,NIL
1429,NIL
1430,NIL
1431,NIL
1432,NIL
1433,NIL
1434,NIL
1435,NIL
1436,NIL
1437,NIL
1438,NIL
1439,NIL
1440,NIL
1441,NIL
1442,NIL
1443,NIL
1444,NIL
1445,NIL
1446,NIL
1447,NIL
1448,NIL
1449,NIL
1450,NIL
1451,NIL
1452,NIL
1453,NIL
1454,NIL
1455,NIL
1456,NIL
1457,NIL
1458,NIL
1459,NIL
1460,NIL
1461,NIL
1462,NIL
1463,NIL
1464,NIL
1465,NIL
1466,NIL
1467,NIL
1468,NIL
1469,NIL
1470,NIL
1471,NIL
1472,NIL
1473,NIL
1474,NIL
1475,NIL
1476,NIL
1477,NIL
1478,NIL
1479,NIL
1480,NIL
1481,NIL
1482,NIL
1483,NIL
1484,NIL
1485,NIL
1486,NIL
1487,NIL
1488,NIL
1489,NIL
1490,NIL
1491,NIL
1492,NIL
1493,NIL
1494,NIL
1495,NIL
1496,NIL
1497,NIL
1498,NIL
1499,NIL
1500,NIL
1501,NIL
1502,NIL
1503,NIL
1504,NIL
1505,NIL
1506,NIL
1507,NIL
1508,NIL
1509,NIL
1510,NIL
1511,NIL
1512,NIL
1513,NIL
1514,NIL
1515,NIL
1516,NIL
1517,NIL
1518,NIL
1519,NIL
1520,NIL
1521,NIL
1522,NIL
1523,NIL
1524,NIL
1525,NIL
1526,NIL
1527,NIL
1528,NIL
1529,NIL
1530,NIL
1531,NIL
1532,NIL
1533,NIL
1534,NIL
1535,NIL
1536,NIL
1537,NIL
1538,NIL
1539,NIL
1540,NIL
1541,NIL
1542,NIL
1543,NIL
1544,NIL
1545,NIL
1546,NIL
1547,NIL
1548,NIL
1549,NIL
1550,NIL
1551,NIL
1552,NIL
1553,NIL
1554,NIL
1555,NIL
1556,NIL
1557,NIL
1558,NIL
1559,NIL
1560,NIL
1561,ORBS
1562,PHOENIX_FEATHERS
1563,NIL
1564,NIL
1565,NIL
1566,NIL
1567,NIL
1568,NIL
1569,ORBS
1570,ELVEN_WINE
1571,NIL
1572,NIL
1573,NIL
1574,ORBS
1575,PHOENIX_FEATHERS
1576,NIL
1577,NIL
1578,NIL
1579,NIL
1580,NIL
1581,NIL
1582,NIL
1583,NIL
1584,NIL
1585,NIL
1586,NIL
1587,NIL
1588,NIL
1589,NIL
1590,NIL
1591,NIL
1592,NIL
1593,NIL
1594,NIL
1595,NIL
1596,NIL
1597,NIL
1598,NIL
1599,NIL
1600,NIL
1601,NIL
1602,ORBS
1603,ELVEN_WINE
1604,NIL
1605,NIL
1606,ORBS
1607,PHOENIX_FEATHERS
1608,NIL
1609,NIL
1610,NIL
1611,NIL
1612,NIL
1613,NIL
1614,NIL
1615,NIL
1616,NIL
1617,NIL
1618,NIL
1619,NIL
1620,NIL
1621,NIL
1622,NIL
1623,NIL
1624,NIL
1625,NIL
1626,NIL
1627,NIL
1628,NIL
1629,NIL
1630,NIL
1631,NIL
1632,NIL
1633,NIL
1634,NIL
1635,NIL
1636,NIL
1637,NIL
1638,NIL
1639,NIL
1640,NIL
1641,NIL
1642,NIL
1643,NIL
1644,NIL
1645,NIL
1646,NIL
1647,NIL
1648,NIL
1649,NIL
1650,NIL
1651,NIL
1652,NIL
1653,NIL
1654,NIL
1655,NIL
1656,NIL
1657,NIL
1658,NIL
1659,NIL
1660,NIL
1661,NIL
1662,NIL
1663,NIL
1664,ORBS
1665,ELVEN_WINE
1666,NIL
1667,NIL
1668,NIL
1669,NIL
1670,NIL
1671,NIL
1672,NIL
1673,NIL
1674,NIL
1675,NIL
1676,NIL
1677,NIL
1678,NIL
1679,NIL
1680,NIL
1681,NIL
1682,NIL
1683,NIL
1684,NIL
1685,NIL
1686,NIL
1687,NIL
1688,NIL
1689,NIL
1690,NIL
1691,NIL
1692,NIL
1693,NIL
1694,NIL
1695,NIL
1696,NIL
1697,NIL
1698,NIL
1699,NIL
1700,NIL
1701,NIL
1702,NIL
1703,NIL
1704,NIL
1705,NIL
1706,NIL
1707,NIL
1708,NIL
1709,NIL
1710,NIL
1711,NIL
1712,NIL
1713,NIL
1714,NIL
1715,NIL
1716,NIL
1717,NIL
1718,NIL
1719,NIL
1720,NIL
1721,NIL
1722,NIL
1723,NIL
1724,NIL
1725,NIL
1726,NIL
1727,NIL
1728,NIL
1729,NIL
1730,NIL
1731,NIL
1732,NIL
1733,NIL
1734,NIL
1735,NIL
1736,NIL
1737,NIL
1738,NIL
1739,NIL
1740,NIL
1741,NIL
1742,NIL
1743,NIL
1744,NIL
1745,NIL
1746,NIL
1747,NIL
1748,NIL
1749,NIL
1750,NIL
1751,NIL
1752,NIL
1753,NIL
1754,NIL
1755,ORBS
1756,ELVEN_WINE
1757,NIL
1758,NIL
1759,NIL
1760,NIL
1761,NIL
1762,NIL
1763,NIL
1764,NIL
1765,NIL
1766,NIL
1767,NIL
1768,NIL
1769,NIL
1770,NIL
1771,NIL
1772,NIL
1773,NIL
1774,NIL
1775,NIL
1776,NIL
1777,NIL
1778,NIL
1779,NIL
1780,NIL
1781,NIL
1782,NIL
1783,NIL
1784,NIL
1785,NIL
1786,NIL
1787,NIL
1788,NIL
1789,NIL
1790,NIL
1791,NIL
1792,NIL
1793,NIL
1794,NIL
1795,NIL
1796,NIL
1797,NIL
1798,NIL
1799,NIL
1800,NIL
1801,NIL
1802,NIL
1803,NIL
1804,NIL
1805,NIL
1806,NIL
1807,NIL
1808,NIL
1809,NIL
1810,NIL
1811,NIL
1812,NIL
1813,NIL
1814,NIL
1815,NIL
1816,NIL
1817,NIL
1818,NIL
1819,NIL
1820,NIL
1821,NIL
1822,NIL
1823,NIL
1824,NIL
1825,NIL
1826,NIL
1827,NIL
1828,NIL
1829,NIL
1830,NIL
1831,NIL
1832,NIL
1833,NIL
1834,NIL
1835,NIL
1836,NIL
1837,NIL
1838,NIL
1839,NIL
1840,NIL
1841,NIL
1842,NIL
1843,NIL
1844,NIL
1845,NIL
1846,NIL
1847,NIL
1848,NIL
1849,NIL
1850,NIL
1851,NIL
1852,NIL
1853,NIL
1854,NIL
1855,NIL
1856,NIL
1857,NIL
1858,NIL
1859,NIL
1860,NIL
1861,NIL
1862,NIL
1863,NIL
1864,NIL
1865,NIL
1866,NIL
1867,NIL
1868,NIL
1869,NIL
1870,NIL
1871,NIL
1872,NIL
1873,NIL
1874,NIL
1875,NIL
1876,NIL
1877,NIL
1878,NIL
1879,NIL
1880,NIL
1881,NIL
1882,NIL
1883,NIL
1884,NIL
1885,NIL
1886,NIL
1887,NIL
1888,NIL
1889,NIL
1890,NIL
1891,NIL
1892,NIL
1893,NIL
1894,NIL
1895,NIL
1896,NIL
1897,NIL
1898,NIL
1899,NIL
1900,NIL
1901,NIL
1902,NIL
1903,NIL
1904,NIL
1905,NIL
1906,NIL
1907,NIL
1908,NIL
1909,NIL
1910,NIL
1911,NIL
1912,NIL
1913,NIL
1914,NIL
1915,NIL
1916,NIL
1917,NIL
1918,NIL
1919,NIL
1920,NIL
1921,NIL
1922,NIL
1923,NIL
1924,NIL
1925,NIL
1926,NIL
1927,NIL
1928,NIL
1929,NIL
1930,NIL
1931,NIL
1932,NIL
1933,NIL
1934,NIL
1935,NIL
1936,NIL
1937,NIL
1938,NIL
1939,NIL
1940,NIL
1941,NIL
1942,NIL
1943,NIL
1944,NIL
1945,NIL
1946,NIL
1947,NIL
1948,NIL
1949,NIL
1950,NIL
1951,NIL
1952,NIL
1953,NIL
1954,NIL
1955,NIL
1956,NIL
1957,NIL
1958,NIL
1959,NIL
1960,NIL
1961,NIL
1962,NIL
1963,NIL
1964,NIL
1965,NIL
1966,NIL
1967,NIL
1968,NIL
1969,NIL
1970,NIL
1971,NIL
1972,NIL
1973,NIL
1974,NIL
1975,NIL
1976,NIL
1977,NIL
1978,NIL
1979,NIL
1980,NIL
1981,NIL
1982,NIL
1983,NIL
1984,NIL
1985,NIL
1986,NIL
1987,NIL
1988,NIL
1989,NIL
1990,NIL
1991,NIL
1992,NIL
1993,NIL
1994,NIL
1995,NIL
1996,NIL
1997,NIL
1998,NIL
1999,NIL
2000,NIL
2001,NIL
2002,NIL
2003,NIL
2004,NIL
2005,NIL
2006,NIL
2007,NIL
2008,NIL
2009,NIL
2010,NIL
2011,NIL
2012,NIL
2013,ORBS
2014,VAMPIRE_BLOOD
2015,NIL
2016,ORBS
2017,ELVEN_WINE
2018,NIL
2019,NIL
2020,NIL
2021,NIL
2022,NIL
2023,NIL
2024,ORBS
2025,ELVEN_WINE
2026,NIL
2027,NIL
2028,NIL
2029,NIL
2030,NIL
2031,NIL
2032,NIL
2033,NIL
2034,NIL
2035,ORBS
2036,VAMPIRE_BLOOD
2037,ORBS
2038,VAMPIRE_BLOOD
2039,NIL
2040,NIL
2041,NIL
2042,ORBS
2043,ELVEN_WINE
2044,NIL
2045,NIL
2046,NIL
2047,NIL
2048,NIL
2049,NIL
2050,NIL
2051,NIL
2052,NIL
2053,NIL
2054,NIL
2055,NIL
2056,NIL
2057,NIL
2058,NIL
2059,NIL
2060,NIL
2061,NIL
2062,NIL
2063,NIL
2064,NIL
2065,NIL
2066,NIL
2067,NIL
2068,NIL
2069,NIL
2070,NIL
2071,NIL
2072,NIL
2073,NIL
2074,NIL
2075,NIL
2076,NIL
2077,NIL
2078,NIL
2079,NIL
2080,ORBS
2081,UNICORN_HORNS
2082,NIL
2083,NIL
2084,NIL
2085,NIL
2086,NIL
2087,NIL
2088,NIL
2089,NIL
2090,NIL
2091,NIL
2092,NIL
2093,NIL
2094,NIL
2095,NIL
2096,NIL
2097,NIL
2098,NIL
2099,NIL
2100,NIL
2101,NIL
2102,NIL
2103,NIL
2104,NIL
2105,NIL
2106,NIL
2107,NIL
2108,NIL
2109,NIL
2110,NIL
2111,NIL
2112,NIL
2113,NIL
2114,NIL
2115,NIL
2116,NIL
2117,NIL
2118,NIL
2119,NIL
2120,NIL
2121,NIL
2122,NIL
2123,NIL
2124,NIL
2125,NIL
2126,NIL
2127,NIL
2128,ORBS
2129,ELVEN_WINE
2130,ORBS
2131,UNICORN_HORNS
2132,NIL
2133,NIL
2134,NIL
2135,NIL
2136,NIL
2137,NIL
2138,NIL
2139,NIL
2140,NIL
2141,NIL
2142,NIL
2143,NIL
2144,NIL
2145,NIL
2146,NIL
2147,NIL
2148,NIL
2149,NIL
2150,NIL
2151,NIL
2152,NIL
2153,NIL
2154,NIL
2155,NIL
2156,NIL
2157,NIL
2158,NIL
2159,NIL
2160,NIL
2161,NIL
2162,NIL
2163,NIL
2164,NIL
2165,NIL
2166,NIL
2167,NIL
2168,NIL
2169,NIL
2170,NIL
2171,NIL
2172,NIL
2173,NIL
2174,NIL
2175,NIL
2176,NIL
2177,NIL
2178,NIL
2179,NIL
2180,NIL
2181,NIL
2182,NIL
2183,NIL
2184,NIL
2185,NIL
2186,NIL
2187,NIL
2188,NIL
2189,NIL
2190,NIL
2191,NIL
2192,NIL
2193,NIL
2194,NIL
2195,NIL
2196,NIL
2197,NIL
2198,NIL
2199,NIL
2200,NIL
2201,NIL
2202,NIL
2203,NIL
2204,NIL
2205,NIL
2206,NIL
2207,NIL
2208,NIL
2209,NIL
2210,NIL
2211,NIL
2212,NIL
2213,NIL
2214,NIL
2215,NIL
2216,NIL
2217,NIL
2218,NIL
2219,NIL
2220,NIL
2221,NIL
2222,NIL
2223,NIL
2224,NIL
2225,NIL
2226,NIL
2227,NIL
2228,NIL
2229,NIL
2230,NIL
2231,NIL
2232,NIL
2233,NIL
2234,NIL
2235,NIL
2236,NIL
2237,NIL
2238,NIL
2239,NIL
2240,NIL
2241,NIL
2242,NIL
2243,NIL
2244,NIL
2245,NIL
2246,NIL
2247,NIL
2248,NIL
2249,NIL
2250,NIL
2251,NIL
2252,NIL
2253,NIL
2254,NIL
2255,NIL
2256,NIL
2257,NIL
2258,NIL
2259,NIL
2260,NIL
2261,NIL
2262,NIL
2263,NIL
2264,NIL
2265,NIL
2266,NIL
2267,NIL
2268,NIL
2269,NIL
2270,NIL
2271,NIL
2272,NIL
2273,NIL
2274,NIL
2275,NIL
2276,NIL
2277,NIL
2278,NIL
2279,NIL
2280,NIL
2281,NIL
2282,NIL
2283,NIL
2284,NIL
2285,NIL
2286,NIL
2287,NIL
2288,NIL
2289,NIL
2290,NIL
2291,NIL
2292,NIL
2293,NIL
2294,NIL
2295,NIL
2296,NIL
2297,NIL
2298,NIL
2299,NIL
2300,NIL
2301,NIL
2302,NIL
2303,NIL
2304,NIL
2305,NIL
2306,NIL
2307,NIL
2308,NIL
2309,NIL
2310,NIL
2311,NIL
2312,NIL
2313,NIL
2314,NIL
2315,NIL
2316,NIL
2317,NIL
2318,NIL
2319,NIL
2320,NIL
2321,NIL
2322,NIL
2323,NIL
2324,NIL
2325,NIL
2326,NIL
2327,NIL
2328,NIL
2329,NIL
2330,NIL
2331,NIL
2332,NIL
2333,NIL
2334,NIL
2335,NIL
2336,NIL
2337,NIL
2338,NIL
2339,NIL
2340,NIL
2341,NIL
2342,NIL
2343,NIL
2344,NIL
2345,NIL
2346,NIL
2347,NIL
2348,NIL
2349,NIL
2350,NIL
2351,NIL
2352,NIL
2353,NIL
2354,NIL
2355,NIL
2356,NIL
2357,NIL
2358,NIL
2359,NIL
2360,NIL
2361,NIL
2362,NIL
2363,NIL
2364,NIL
2365,NIL
2366,NIL
2367,NIL
2368,NIL
2369,NIL
2370,NIL
2371,NIL
2372,NIL
2373,NIL
2374,NIL
2375,NIL
2376,NIL
2377,NIL
2378,NIL
2379,NIL
2380,NIL
2381,NIL
2382,NIL
2383,NIL
2384,NIL
2385,NIL
2386,NIL
2387,NIL
2388,NIL
2389,NIL
2390,NIL
2391,NIL
2392,NIL
2393,NIL
2394,NIL
2395,NIL
2396,NIL
2397,NIL
2398,NIL
2399,NIL
2400,NIL
2401,NIL
2402,NIL
2403,NIL
2404,NIL
2405,NIL
2406,NIL
2407,NIL
2408,NIL
2409,NIL
2410,NIL
2411,NIL
2412,NIL
2413,NIL
2414,NIL
2415,NIL
2416,NIL
2417,NIL
2418,NIL
2419,NIL
2420,NIL
2421,NIL
2422,NIL
2423,NIL
2424,NIL
2425,NIL
2426,NIL
2427,NIL
2428,NIL
2429,NIL
2430,NIL
2431,NIL
2432,NIL
2433,NIL
2434,NIL
2435,NIL
2436,NIL
2437,NIL
2438,NIL
2439,NIL
2440,NIL
2441,NIL
2442,NIL
2443,NIL
2444,NIL
2445,NIL
2446,NIL
2447,NIL
2448,NIL
2449,NIL
2450,NIL
2451,NIL
2452,NIL
2453,NIL
2454,NIL
2455,NIL
2456,NIL
2457,NIL
2458,NIL
2459,NIL
2460,NIL
2461,NIL
2462,NIL
2463,NIL
2464,NIL
2465,NIL
2466,NIL
2467,NIL
2468,NIL
2469,NIL
2470,NIL
2471,NIL
2472,NIL
2473,NIL
2474,NIL
2475,NIL
2476,NIL
2477,NIL
2478,NIL
2479,NIL
2480,NIL
2481,NIL
2482,NIL
2483,NIL
2484,NIL
2485,NIL
2486,NIL
2487,NIL
2488,NIL
2489,NIL
2490,NIL
2491,NIL
2492,NIL
2493,NIL
2494,NIL
2495,NIL
2496,NIL
2497,NIL
2498,NIL
2499,NIL
2500,NIL
2501,NIL
2502,NIL
2503,NIL
2504,NIL
2505,NIL
2506,NIL
2507,NIL
2508,NIL
2509,NIL
2510,NIL
2511,NIL
2512,NIL
2513,NIL
2514,NIL
2515,NIL
2516,NIL
2517,NIL
2518,NIL
2519,NIL
2520,NIL
2521,NIL
2522,NIL
2523,NIL
2524,NIL
2525,NIL
2526,NIL
2527,NIL
2528,NIL
2529,NIL
2530,NIL
2531,NIL
2532,NIL
2533,NIL
2534,NIL
2535,NIL
2536,NIL
2537,NIL
2538,NIL
2539,NIL
2540,NIL
2541,NIL
2542,NIL
2543,NIL
2544,NIL
2545,NIL
2546,NIL
2547,NIL
2548,NIL
2549,NIL
2550,NIL
2551,NIL
2552,NIL
2553,NIL
2554,NIL
2555,NIL
2556,NIL
2557,NIL
2558,NIL
2559,NIL
2560,NIL
2561,NIL
2562,NIL
2563,NIL
2564,NIL
2565,NIL
2566,NIL
2567,NIL
2568,NIL
2569,NIL
2570,NIL
2571,NIL
2572,NIL
2573,NIL
2574,NIL
2575,NIL
2576,NIL
2577,NIL
2578,NIL
2579,NIL
2580,NIL
2581,NIL
2582,NIL
2583,NIL
2584,NIL
2585,NIL
2586,NIL
2587,NIL
2588,NIL
2589,NIL
2590,NIL
2591,NIL
2592,NIL
2593,NIL
2594,NIL
2595,NIL
2596,NIL
2597,NIL
2598,NIL
2599,NIL
2600,NIL
2601,NIL
2602,NIL
2603,NIL
2604,NIL
2605,NIL
2606,NIL
2607,NIL
2608,NIL
2609,NIL
2610,NIL
2611,NIL
2612,NIL
2613,NIL
2614,NIL
2615,NIL
2616,NIL
2617,NIL
2618,NIL
2619,NIL
2620,NIL
2621,NIL
2622,NIL
2623,NIL
2624,NIL
2625,NIL
2626,NIL
2627,NIL
2628,NIL
2629,NIL
2630,NIL
2631,NIL
2632,NIL
2633,NIL
2634,NIL
2635,NIL
2636,NIL
2637,NIL
2638,NIL
2639,NIL
2640,NIL
2641,NIL
2642,NIL
2643,NIL
2644,NIL
2645,NIL
2646,NIL
2647,NIL
2648,NIL
2649,NIL
2650,NIL
2651,NIL
2652,NIL
2653,NIL
2654,NIL
2655,NIL
2656,NIL
2657,NIL
2658,NIL
2659,NIL
2660,NIL
2661,NIL
2662,NIL
2663,NIL
2664,NIL
2665,NIL
2666,NIL
2667,NIL
2668,NIL
2669,NIL
2670,NIL
2671,NIL
2672,NIL
2673,NIL
2674,NIL
2675,NIL
2676,NIL
2677,NIL
2678,NIL
2679,NIL
2680,NIL
2681,NIL
2682,NIL
2683,NIL
2684,NIL
2685,NIL
2686,NIL
2687,NIL
2688,NIL
2689,NIL
2690,NIL
2691,NIL
2692,NIL
2693,NIL
2694,NIL
2695,NIL
2696,NIL
2697,NIL
2698,NIL
2699,NIL
2700,NIL
2701,NIL
2702,NIL
2703,NIL
2704,NIL
2705,NIL
2706,NIL
2707,NIL
2708,NIL
2709,NIL
2710,NIL
2711,NIL
2712,NIL
2713,NIL
2714,NIL
2715,NIL
2716,NIL
2717,NIL
2718,NIL
2719,NIL
2720,NIL
2721,NIL
2722,NIL
2723,NIL
2724,NIL
2725,NIL
2726,NIL
2727,NIL
2728,NIL
2729,NIL
2730,NIL
2731,NIL
2732,NIL
2733,NIL
2734,NIL
2735,NIL
2736,NIL
2737,NIL
2738,NIL
2739,NIL
2740,NIL
2741,NIL
2742,NIL
2743,NIL
2744,NIL
2745,NIL
2746,NIL
2747,NIL
2748,NIL
2749,NIL
2750,NIL
2751,NIL
2752,NIL
2753,ORBS
2754,PHOENIX_FEATHERS
2755,NIL
2756,NIL
2757,NIL
2758,NIL
2759,NIL
2760,NIL
2761,NIL
2762,NIL
2763,NIL
2764,NIL
2765,NIL
2766,NIL
2767,NIL
2768,NIL
2769,NIL
2770,NIL
2771,NIL
2772,NIL
2773,NIL
2774,NIL
2775,NIL
2776,NIL
2777,NIL
2778,NIL
2779,NIL
2780,NIL
2781,NIL
2782,NIL
2783,NIL
2784,NIL
2785,NIL
2786,NIL
2787,NIL
2788,ORBS
2789,VAMPIRE_BLOOD
2790,NIL
2791,NIL
2792,NIL
2793,NIL
2794,NIL
2795,NIL
2796,NIL
2797,NIL
2798,NIL
2799,NIL
2800,NIL
2801,NIL
2802,NIL
2803,NIL
2804,NIL
2805,NIL
2806,NIL
2807,NIL
2808,NIL
2809,NIL
2810,NIL
2811,NIL
2812,NIL
2813,NIL
2814,NIL
2815,NIL
2816,NIL
2817,NIL
2818,NIL
2819,NIL
2820,NIL
2821,NIL
2822,NIL
2823,NIL
2824,NIL
2825,NIL
2826,NIL
2827,NIL
2828,NIL
2829,NIL
2830,NIL
2831,NIL
2832,NIL
2833,NIL
2834,NIL
2835,NIL
2836,NIL
2837,NIL
2838,NIL
2839,NIL
2840,NIL
2841,NIL
2842,NIL
2843,NIL
2844,NIL
2845,NIL
2846,NIL
2847,NIL
2848,NIL
2849,NIL
2850,NIL
2851,NIL
2852,NIL
2853,NIL
2854,NIL
2855,NIL
2856,NIL
2857,NIL
2858,NIL
2859,NIL
2860,NIL
2861,NIL
2862,NIL
2863,NIL
2864,NIL
2865,NIL
2866,NIL
2867,NIL
2868,NIL
2869,NIL
2870,NIL
2871,NIL
2872,NIL
2873,NIL
2874,NIL
2875,NIL
2876,NIL
2877,NIL
2878,NIL
2879,NIL
2880,NIL
2881,NIL
2882,NIL
2883,NIL
2884,NIL
2885,NIL
2886,NIL
2887,NIL
2888,NIL
2889,NIL
2890,NIL
2891,NIL
2892,NIL
2893,NIL
2894,NIL
2895,NIL
2896,NIL
2897,NIL
2898,NIL
2899,NIL
2900,NIL
2901,NIL
2902,NIL
2903,NIL
2904,NIL
2905,NIL
2906,NIL
2907,NIL
2908,NIL
2909,NIL
2910,NIL
2911,NIL
2912,NIL
2913,NIL
2914,NIL
2915,NIL
2916,NIL
2917,NIL
2918,NIL
2919,NIL
2920,NIL
2921,NIL
2922,NIL
2923,NIL
2924,NIL
2925,NIL
2926,NIL
2927,NIL
2928,NIL
2929,NIL
2930,NIL
2931,NIL
2932,NIL
2933,NIL
2934,NIL
2935,NIL
2936,NIL
2937,NIL
2938,NIL
2939,NIL
2940,NIL
2941,NIL
2942,NIL
2943,NIL
2944,NIL
2945,NIL
2946,NIL
2947,NIL
2948,NIL
2949,NIL
2950,NIL
2951,NIL
2952,NIL
2953,NIL
2954,NIL
2955,NIL
2956,NIL
2957,NIL
2958,NIL
2959,NIL
2960,NIL
2961,NIL
2962,NIL
2963,NIL
2964,NIL
2965,NIL
2966,NIL
2967,NIL
2968,NIL
2969,NIL
2970,NIL
2971,NIL
2972,NIL
2973,NIL
2974,NIL
2975,NIL
2976,NIL
2977,NIL
2978,NIL
2979,NIL
2980,NIL
2981,NIL
2982,NIL
2983,NIL
2984,NIL
2985,NIL
2986,NIL
2987,NIL
2988,NIL
2989,NIL
2990,NIL
2991,NIL
2992,NIL
2993,NIL
2994,NIL
2995,NIL
2996,NIL
2997,NIL
2998,NIL
2999,NIL
3000,NIL
3001,NIL
3002,NIL
3003,NIL
3004,NIL
3005,NIL
3006,NIL
3007,NIL
3008,NIL
3009,NIL
3010,NIL
3011,NIL
3012,NIL
3013,NIL
3014,NIL
3015,NIL
3016,NIL
3017,NIL
3018,NIL
3019,NIL
3020,NIL
3021,NIL
3022,NIL
3023,NIL
3024,NIL
3025,NIL
3026,NIL
3027,NIL
3028,NIL
3029,NIL
3030,NIL
3031,NIL
3032,NIL
3033,NIL
3034,NIL
3035,NIL
3036,NIL
3037,NIL
3038,NIL
3039,NIL
3040,NIL
3041,NIL
3042,NIL
3043,NIL
3044,NIL
3045,NIL
3046,NIL
3047,NIL
3048,NIL
3049,NIL
3050,NIL
3051,NIL
3052,NIL
3053,NIL
3054,NIL
3055,NIL
3056,NIL
3057,NIL
3058,NIL
3059,NIL
3060,NIL
3061,NIL
3062,NIL
3063,NIL
3064,NIL
3065,NIL
3066,NIL
3067,NIL
3068,NIL
3069,NIL
3070,NIL
3071,NIL
3072,NIL
3073,NIL
3074,NIL
3075,NIL
3076,NIL
3077,NIL
3078,NIL
3079,NIL
3080,NIL
3081,NIL
3082,NIL
3083,NIL
3084,NIL
3085,NIL
3086,NIL
3087,NIL
3088,NIL
3089,NIL
3090,NIL
3091,NIL
3092,NIL
3093,NIL
3094,NIL
3095,NIL
3096,NIL
3097,NIL
3098,NIL
3099,NIL
3100,NIL
3101,NIL
3102,NIL
3103,NIL
3104,NIL
3105,NIL
3106,NIL
3107,NIL
3108,NIL
3109,NIL
3110,NIL
3111,NIL
3112,NIL
3113,NIL
3114,NIL
3115,NIL
3116,NIL
3117,NIL
3118,NIL
3119,NIL
3120,NIL
3121,NIL
3122,NIL
3123,NIL
3124,NIL
3125,NIL
3126,NIL
3127,NIL
3128,NIL
3129,NIL
3130,NIL
3131,NIL
3132,NIL
3133,NIL
3134,NIL
3135,NIL
3136,NIL
3137,NIL
3138,NIL
3139,NIL
3140,NIL
3141,NIL
3142,NIL
3143,NIL
3144,NIL
3145,NIL
3146,NIL
3147,NIL
3148,NIL
3149,NIL
3150,NIL
3151,NIL
3152,NIL
3153,NIL
3154,NIL
3155,NIL
3156,NIL
3157,NIL
3158,NIL
3159,NIL
3160,NIL
3161,NIL
3162,NIL
3163,NIL
3164,NIL
3165,NIL
3166,NIL
3167,NIL
3168,NIL
3169,NIL
3170,NIL
3171,NIL
3172,NIL
3173,NIL
3174,NIL
3175,NIL
3176,NIL
3177,NIL
3178,NIL
3179,NIL
3180,NIL
3181,NIL
3182,NIL
3183,NIL
3184,NIL
3185,NIL
3186,NIL
3187,NIL
3188,NIL
3189,NIL
3190,NIL
3191,NIL
3192,NIL
3193,NIL
3194,NIL
3195,NIL
3196,NIL
3197,NIL
3198,NIL
3199,NIL
3200,NIL
3201,NIL
3202,NIL
3203,NIL
3204,NIL
3205,NIL
3206,NIL
3207,NIL
3208,NIL
3209,NIL
3210,NIL
3211,NIL
3212,NIL
3213,NIL
3214,NIL
3215,NIL
3216,NIL
3217,NIL
3218,NIL
3219,NIL
3220,NIL
3221,NIL
3222,NIL
3223,NIL
3224,NIL
3225,NIL
3226,NIL
3227,NIL
3228,NIL
3229,NIL
3230,NIL
3231,NIL
3232,NIL
3233,NIL
3234,NIL
3235,NIL
3236,NIL
3237,NIL
3238,NIL
3239,NIL
3240,NIL
3241,NIL
3242,NIL
3243,NIL
3244,NIL
3245,NIL
3246,NIL
3247,NIL
3248,NIL
3249,NIL
3250,NIL
3251,NIL
3252,NIL
3253,NIL
3254,NIL
3255,NIL
3256,NIL
3257,NIL
3258,NIL
3259,NIL
3260,NIL
3261,NIL
3262,NIL
3263,NIL
3264,NIL
3265,NIL
3266,NIL
3267,NIL
3268,NIL
3269,NIL
3270,NIL
3271,NIL
3272,NIL
3273,NIL
3274,NIL
3275,NIL
3276,NIL
3277,NIL
3278,NIL
3279,NIL
3280,NIL
3281,NIL
3282,NIL
3283,NIL
3284,NIL
3285,NIL
3286,NIL
3287,NIL
3288,NIL
3289,NIL
3290,NIL
3291,NIL
3292,NIL
3293,NIL
3294,NIL
3295,NIL
3296,NIL
3297,NIL
3298,NIL
3299,NIL
3300,NIL
3301,NIL
3302,NIL
3303,NIL
3304,NIL
3305,NIL
3306,NIL
3307,NIL
3308,NIL
3309,NIL
3310,NIL
3311,NIL
3312,NIL
3313,NIL
3314,NIL
3315,NIL
3316,NIL
3317,NIL
3318,NIL
3319,NIL
3320,NIL
3321,NIL
3322,NIL
3323,NIL
3324,NIL
3325,NIL
3326,NIL
3327,NIL
3328,NIL
3329,NIL
3330,NIL
3331,NIL
3332,NIL
3333,NIL
3334,NIL
3335,NIL
3336,NIL
3337,NIL
3338,NIL
3339,NIL
3340,NIL
3341,NIL
3342,NIL
3343,NIL
3344,NIL
3345,NIL
3346,NIL
3347,NIL
3348,NIL
3349,NIL
3350,NIL
3351,NIL
3352,NIL
3353,NIL
3354,NIL
3355,NIL
3356,NIL
3357,NIL
3358,NIL
3359,NIL
3360,NIL
3361,NIL
3362,NIL
3363,NIL
3364,NIL
3365,NIL
3366,NIL
3367,NIL
3368,NIL
3369,NIL
3370,NIL
3371,NIL
3372,NIL
3373,NIL
3374,NIL
3375,NIL
3376,NIL
3377,NIL
3378,NIL
3379,NIL
3380,NIL
3381,NIL
3382,NIL
3383,NIL
3384,NIL
3385,NIL
3386,NIL
3387,NIL
3388,NIL
3389,NIL
3390,NIL
3391,NIL
3392,NIL
3393,NIL
3394,NIL
3395,NIL
3396,NIL
3397,NIL
3398,NIL
3399,NIL
3400,NIL
3401,NIL
3402,NIL
3403,NIL
3404,NIL
3405,NIL
3406,NIL
3407,NIL
3408,NIL
3409,NIL
3410,NIL
3411,NIL
3412,NIL
3413,NIL
3414,NIL
3415,NIL
3416,NIL
3417,NIL
3418,NIL
3419,NIL
3420,NIL
3421,NIL
3422,NIL
3423,NIL
3424,NIL
3425,NIL
3426,NIL
3427,NIL
3428,NIL
3429,NIL
3430,NIL
3431,NIL
3432,NIL
3433,NIL
3434,NIL
3435,NIL
3436,NIL
3437,NIL
3438,NIL
3439,NIL
3440,NIL
3441,NIL
3442,NIL
3443,NIL
3444,NIL
3445,NIL
3446,NIL
3447,NIL
3448,NIL
3449,NIL
3450,NIL
3451,NIL
3452,NIL
3453,NIL
3454,NIL
3455,NIL
3456,NIL
3457,NIL
3458,NIL
3459,NIL
3460,NIL
3461,NIL
3462,NIL
3463,NIL
3464,NIL
3465,NIL
3466,NIL
3467,NIL
3468,NIL
3469,NIL
3470,NIL
3471,NIL
3472,NIL
3473,NIL
3474,NIL
3475,NIL
3476,NIL
3477,NIL
3478,NIL
3479,NIL
3480,NIL
3481,NIL
3482,NIL
3483,NIL
3484,NIL
3485,NIL
3486,NIL
3487,NIL
3488,NIL
3489,NIL
3490,NIL
3491,NIL
3492,NIL
3493,NIL
3494,NIL
3495,NIL
3496,NIL
3497,NIL
3498,NIL
3499,NIL
3500,NIL
3501,NIL
3502,NIL
3503,NIL
3504,NIL
3505,NIL
3506,NIL
3507,NIL
3508,NIL
3509,NIL
3510,NIL
3511,NIL
3512,NIL
3513,NIL
3514,NIL
3515,NIL
3516,NIL
3517,NIL
3518,NIL
3519,NIL
3520,NIL
3521,NIL
3522,NIL
3523,NIL
3524,NIL
3525,NIL
3526,NIL
3527,NIL
3528,NIL
3529,NIL
3530,NIL
3531,NIL
3532,NIL
3533,NIL
3534,NIL
3535,NIL
3536,NIL
3537,NIL
3538,NIL
3539,NIL
3540,NIL
3541,NIL
3542,NIL
3543,NIL
3544,NIL
3545,NIL
3546,NIL
3547,NIL
3548,NIL
3549,NIL
3550,NIL
3551,NIL
3552,NIL
3553,NIL
3554,NIL
3555,NIL
3556,NIL
3557,NIL
3558,NIL
3559,NIL
3560,NIL
3561,NIL
3562,NIL
3563,NIL
3564,NIL
3565,NIL
3566,NIL
3567,NIL
3568,NIL
3569,NIL
3570,NIL
3571,NIL
3572,NIL
3573,NIL
3574,NIL
3575,NIL
3576,NIL
3577,NIL
3578,NIL
3579,NIL
3580,NIL
3581,NIL
3582,NIL
3583,NIL
3584,NIL
3585,NIL
3586,NIL
3587,NIL
3588,NIL
3589,NIL
3590,NIL
3591,NIL
3592,NIL
3593,NIL
3594,NIL
3595,NIL
3596,NIL
3597,NIL
3598,NIL
3599,NIL
3600,NIL
3601,NIL
3602,NIL
3603,NIL
3604,NIL
3605,NIL
3606,NIL
3607,NIL
3608,NIL
3609,NIL
3610,NIL
3611,NIL
3612,NIL
3613,NIL
3614,NIL
3615,NIL
3616,NIL
3617,NIL
3618,NIL
3619,NIL
3620,NIL
3621,NIL
3622,NIL
3623,NIL
3624,NIL
3625,NIL
3626,NIL
3627,NIL
3628,NIL
3629,NIL
3630,NIL
3631,NIL
3632,NIL
3633,NIL
3634,NIL
3635,NIL
3636,NIL
3637,NIL
3638,NIL
3639,NIL
3640,NIL
3641,NIL
3642,NIL
3643,NIL
3644,NIL
3645,NIL
3646,NIL
3647,NIL
3648,NIL
3649,NIL
3650,NIL
3651,NIL
3652,NIL
3653,NIL
3654,NIL
3655,NIL
3656,NIL
3657,NIL
3658,NIL
3659,NIL
3660,NIL
3661,NIL
3662,NIL
3663,NIL
3664,NIL
3665,NIL
3666,NIL
3667,NIL
3668,NIL
3669,NIL
3670,NIL
3671,NIL
3672,NIL
3673,NIL
3674,NIL
3675,NIL
3676,NIL
3677,NIL
3678,NIL
3679,NIL
3680,NIL
3681,NIL
3682,NIL
3683,NIL
3684,NIL
3685,NIL
3686,NIL
3687,NIL
3688,NIL
3689,NIL
3690,NIL
3691,NIL
3692,NIL
3693,NIL
3694,NIL
3695,NIL
3696,NIL
3697,NIL
3698,NIL
3699,NIL
3700,NIL
3701,NIL
3702,NIL
3703,NIL
3704,NIL
3705,NIL
3706,NIL
3707,NIL
3708,NIL
3709,NIL
3710,NIL
3711,NIL
3712,NIL
3713,NIL
3714,NIL
3715,NIL
3716,NIL
3717,NIL
3718,NIL
3719,NIL
3720,NIL
3721,NIL
3722,NIL
3723,NIL
3724,NIL
3725,NIL
3726,NIL
3727,NIL
3728,NIL
3729,NIL
3730,NIL
3731,NIL
3732,NIL
3733,NIL
3734,NIL
3735,NIL
3736,NIL
3737,NIL
3738,NIL
3739,NIL
3740,NIL
3741,NIL
3742,NIL
3743,NIL
3744,NIL
3745,NIL
3746,NIL
3747,NIL
3748,NIL
3749,NIL
3750,NIL
3751,NIL
3752,NIL
3753,NIL
3754,NIL
3755,NIL
3756,NIL
3757,NIL
3758,NIL
3759,NIL
3760,NIL
3761,NIL
3762,NIL
3763,NIL
3764,NIL
3765,NIL
3766,NIL
3767,NIL
3768,NIL
3769,NIL
3770,NIL
3771,NIL
3772,NIL
3773,NIL
3774,NIL
3775,NIL
3776,NIL
3777,NIL
3778,NIL
3779,NIL
3780,NIL
3781,NIL
3782,NIL
3783,NIL
3784,NIL
3785,NIL
3786,NIL
3787,NIL
3788,NIL
3789,NIL
3790,NIL
3791,NIL
3792,NIL
3793,NIL
3794,NIL
3795,NIL
3796,NIL
3797,NIL
3798,NIL
3799,NIL
3800,NIL
3801,NIL
3802,NIL
3803,NIL
3804,NIL
3805,NIL
3806,NIL
3807,NIL
3808,NIL
3809,NIL
3810,NIL
3811,NIL
3812,NIL
3813,NIL
3814,NIL
3815,NIL
3816,NIL
3817,NIL
3818,NIL
3819,NIL
3820,NIL
3821,NIL
3822,NIL
3823,NIL
3824,NIL
3825,NIL
3826,NIL
3827,NIL
3828,NIL
3829,NIL
3830,NIL
3831,NIL
3832,NIL
3833,NIL
3834,NIL
3835,NIL
3836,NIL
3837,NIL
3838,NIL
3839,NIL
3840,NIL
3841,NIL
3842,NIL
3843,NIL
3844,NIL
3845,NIL
3846,NIL
3847,NIL
3848,NIL
3849,NIL
3850,NIL
3851,NIL
3852,NIL
3853,NIL
3854,NIL
3855,NIL
3856,NIL
3857,NIL
3858,NIL
3859,NIL
3860,NIL
3861,NIL
3862,NIL
3863,NIL
3864,NIL
3865,NIL
3866,NIL
3867,NIL
3868,NIL
3869,NIL
3870,NIL
3871,NIL
3872,NIL
3873,NIL
3874,NIL
3875,NIL
3876,NIL
3877,NIL
3878,NIL
3879,NIL
3880,NIL
3881,NIL
3882,NIL
3883,NIL
3884,NIL
3885,NIL
3886,NIL
3887,NIL
3888,NIL
3889,NIL
3890,NIL
3891,NIL
3892,NIL
3893,NIL
3894,NIL
3895,NIL
3896,NIL
3897,NIL
3898,NIL
3899,NIL
3900,NIL
3901,NIL
3902,NIL
3903,NIL
3904,NIL
3905,NIL
3906,NIL
3907,NIL
3908,NIL
3909,NIL
3910,NIL
3911,NIL
3912,NIL
3913,NIL
3914,NIL
3915,NIL
3916,NIL
3917,NIL
3918,NIL
3919,NIL
3920,NIL
3921,NIL
3922,NIL
3923,NIL
3924,NIL
3925,NIL
3926,NIL
3927,NIL
3928,NIL
3929,NIL
3930,NIL
3931,NIL
3932,NIL
3933,NIL
3934,NIL
3935,NIL
3936,NIL
3937,NIL
3938,NIL
3939,NIL
3940,NIL
3941,NIL
3942,NIL
3943,NIL
3944,NIL
3945,NIL
3946,NIL
3947,NIL
3948,NIL
3949,NIL
3950,NIL
3951,NIL
3952,NIL
3953,NIL
3954,NIL
3955,NIL
3956,NIL
3957,NIL
3958,NIL
3959,NIL
3960,NIL
3961,NIL
3962,NIL
3963,NIL
3964,NIL
3965,NIL
3966,NIL
3967,NIL
3968,NIL
3969,NIL
3970,NIL
3971,NIL
3972,NIL
3973,NIL
3974,NIL
3975,NIL
3976,NIL
3977,NIL
3978,NIL
3979,NIL
3980,NIL
3981,NIL
3982,NIL
3983,NIL
3984,NIL
3985,NIL
3986,NIL
3987,NIL
3988,NIL
3989,NIL
3990,NIL
3991,NIL
3992,NIL
3993,NIL
3994,NIL
3995,NIL
3996,NIL
3997,NIL
3998,NIL
3999,NIL
4000,NIL
4001,NIL
4002,NIL
4003,NIL
4004,NIL
4005,NIL
4006,NIL
4007,NIL
4008,NIL
4009,NIL
4010,NIL
4011,NIL
4012,NIL
4013,NIL
4014,NIL
4015,NIL
4016,NIL
4017,NIL
4018,NIL
4019,NIL
4020,NIL
4021,NIL
4022,NIL
4023,NIL
4024,NIL
4025,NIL
4026,NIL
4027,NIL
4028,NIL
4029,NIL
4030,NIL
4031,NIL
4032,NIL
4033,NIL
4034,NIL
4035,NIL
4036,NIL
4037,NIL
4038,NIL
4039,NIL
4040,NIL
4041,NIL
4042,NIL
4043,NIL
4044,NIL
4045,NIL
4046,NIL
4047,NIL
4048,NIL
4049,NIL
4050,NIL
4051,NIL
4052,NIL
4053,NIL
4054,NIL
4055,NIL
4056,NIL
4057,NIL
4058,NIL
4059,NIL
4060,NIL
4061,NIL
4062,NIL
4063,NIL
4064,NIL
4065,NIL
4066,NIL
4067,NIL
4068,NIL
4069,NIL
4070,NIL
4071,NIL
4072,NIL
4073,NIL
4074,NIL
4075,NIL
4076,NIL
4077,NIL
4078,NIL
4079,NIL
4080,NIL
4081,NIL
4082,NIL
4083,NIL
4084,NIL
4085,NIL
4086,NIL
4087,NIL
4088,NIL
4089,NIL
4090,NIL
4091,NIL
4092,NIL
4093,NIL
4094,NIL
4095,NIL
4096,NIL
4097,NIL
4098,NIL
4099,NIL
4100,NIL
4101,NIL
4102,NIL
4103,NIL
4104,NIL
4105,NIL
4106,NIL
4107,NIL
4108,NIL
4109,NIL
4110,NIL
4111,NIL
4112,NIL
4113,NIL
4114,NIL
4115,NIL
4116,NIL
4117,NIL
4118,NIL
4119,NIL
4120,NIL
4121,NIL
4122,NIL
4123,NIL
4124,NIL
4125,NIL
4126,NIL
4127,NIL
4128,NIL
4129,NIL
4130,NIL
4131,NIL
4132,NIL
4133,NIL
4134,NIL
4135,NIL
4136,NIL
4137,NIL
4138,NIL
4139,NIL
4140,NIL
4141,NIL
4142,NIL
4143,NIL
4144,NIL
4145,NIL
4146,NIL
4147,NIL
4148,NIL
4149,NIL
4150,NIL
4151,NIL
4152,NIL
4153,NIL
4154,NIL
4155,NIL
4156,NIL
4157,NIL
4158,NIL
4159,NIL
4160,NIL
4161,NIL
4162,NIL
4163,NIL
4164,NIL
4165,NIL
4166,NIL
4167,NIL
4168,NIL
4169,NIL
4170,NIL
4171,NIL
4172,NIL
4173,NIL
4174,NIL
4175,NIL
4176,NIL
4177,NIL
4178,NIL
4179,NIL
4180,NIL
4181,NIL
4182,NIL
4183,NIL
4184,NIL
4185,NIL
4186,NIL
4187,NIL
4188,NIL
4189,NIL
4190,NIL
4191,NIL
4192,NIL
4193,NIL
4194,NIL
4195,NIL
4196,NIL
4197,NIL
4198,NIL
4199,NIL
4200,NIL
4201,NIL
4202,NIL
4203,NIL
4204,NIL
4205,NIL
4206,NIL
4207,NIL
4208,NIL
4209,NIL
4210,NIL
4211,NIL
4212,NIL
4213,NIL
4214,NIL
4215,NIL
4216,NIL
4217,NIL
4218,NIL
4219,NIL
4220,NIL
4221,NIL
4222,NIL
4223,NIL
4224,NIL
4225,NIL
4226,NIL
4227,NIL
4228,NIL
4229,NIL
4230,NIL
4231,NIL
4232,NIL
4233,NIL
4234,NIL
4235,NIL
4236,NIL
4237,NIL
4238,NIL
4239,NIL
4240,NIL
4241,NIL
4242,NIL
4243,NIL
4244,NIL
4245,NIL
4246,NIL
4247,NIL
4248,NIL
4249,NIL
4250,NIL
4251,NIL
4252,NIL
4253,NIL
4254,NIL
4255,NIL
4256,NIL
4257,NIL
4258,NIL
4259,NIL
4260,NIL
4261,NIL
4262,NIL
4263,NIL
4264,NIL
4265,NIL
4266,NIL
4267,NIL
4268,NIL
4269,NIL
4270,NIL
4271,NIL
4272,NIL
4273,NIL
4274,NIL
4275,NIL
4276,NIL
4277,NIL
4278,NIL
4279,NIL
4280,NIL
4281,NIL
4282,NIL
4283,NIL
4284,NIL
4285,NIL
4286,NIL
4287,NIL
4288,NIL
4289,NIL
4290,NIL
4291,NIL
4292,NIL
4293,NIL
4294,NIL
4295,NIL
4296,NIL
4297,NIL
4298,NIL
4299,NIL
4300,NIL
4301,NIL
4302,NIL
4303,NIL
4304,NIL
4305,NIL
4306,NIL
4307,NIL
4308,NIL
4309,NIL
4310,NIL
4311,NIL
4312,NIL
4313,NIL
4314,NIL
4315,NIL
4316,NIL
4317,NIL
4318,NIL
4319,NIL
4320,NIL
4321,NIL
4322,NIL
4323,NIL
4324,NIL
4325,NIL
4326,NIL
4327,NIL
4328,NIL
4329,NIL
4330,NIL
4331,NIL
4332,NIL
4333,NIL
4334,NIL
4335,NIL
4336,NIL
4337,NIL
4338,NIL
4339,NIL
4340,NIL
4341,NIL
4342,NIL
4343,NIL
4344,NIL
4345,NIL
4346,NIL
4347,NIL
4348,NIL
4349,NIL
4350,NIL
4351,NIL
4352,NIL
4353,NIL
4354,NIL
4355,NIL
4356,NIL
4357,NIL
4358,NIL
4359,NIL
4360,NIL
4361,NIL
4362,NIL
4363,NIL
4364,NIL
4365,NIL
4366,NIL
4367,NIL
4368,NIL
4369,NIL
4370,NIL
4371,NIL
4372,NIL
4373,NIL
4374,NIL
4375,NIL
4376,NIL
4377,NIL
4378,NIL
4379,NIL
4380,NIL
4381,NIL
4382,NIL
4383,NIL
4384,NIL
4385,NIL
4386,NIL
4387,NIL
4388,NIL
4389,NIL
4390,NIL
4391,NIL
4392,NIL
4393,NIL
4394,NIL
4395,NIL
4396,NIL
4397,NIL
4398,NIL
4399,NIL
4400,NIL
4401,NIL
4402,NIL
4403,NIL
4404,NIL
4405,NIL
4406,NIL
4407,NIL
4408,NIL
4409,NIL
4410,NIL
4411,NIL
4412,NIL
4413,NIL
4414,NIL
4415,NIL
4416,NIL
4417,NIL
4418,NIL
4419,NIL
4420,NIL
4421,NIL
4422,NIL
4423,NIL
4424,NIL
4425,NIL
4426,NIL
4427,NIL
4428,NIL
4429,NIL
4430,NIL
4431,NIL
4432,NIL
4433,NIL
4434,NIL
4435,NIL
4436,NIL
4437,NIL
4438,NIL
4439,NIL
4440,NIL
4441,NIL
4442,NIL
4443,NIL
4444,NIL
4445,NIL
4446,NIL
4447,NIL
4448,NIL
4449,NIL
4450,NIL
4451,NIL
4452,NIL
4453,NIL
4454,NIL
4455,NIL
4456,NIL
4457,NIL
4458,NIL
4459,NIL
4460,NIL
4461,NIL
4462,NIL
4463,NIL
4464,NIL
4465,NIL
4466,NIL
4467,NIL
4468,NIL
4469,NIL
4470,NIL
4471,NIL
4472,NIL
4473,NIL
4474,NIL
4475,NIL
4476,NIL
4477,NIL
4478,NIL
4479,NIL
4480,NIL
4481,NIL
4482,NIL
4483,NIL
4484,NIL
4485,NIL
4486,NIL
4487,NIL
4488,NIL
4489,NIL
4490,NIL
4491,NIL
4492,NIL
4493,NIL
4494,NIL
4495,NIL
4496,NIL
4497,NIL
4498,NIL
4499,NIL
4500,NIL
4501,NIL
4502,NIL
4503,NIL
4504,NIL
4505,NIL
4506,NIL
4507,NIL
4508,NIL
4509,NIL
4510,NIL
4511,NIL
4512,NIL
4513,NIL
4514,NIL
4515,NIL
4516,NIL
4517,NIL
4518,NIL
4519,NIL
4520,NIL
4521,NIL
4522,NIL
4523,NIL
4524,NIL
4525,NIL
4526,NIL
4527,NIL
4528,NIL
4529,NIL
4530,NIL
4531,NIL
4532,NIL
4533,NIL
4534,NIL
4535,NIL
4536,NIL
4537,NIL
4538,NIL
4539,NIL
4540,NIL
4541,NIL
4542,NIL
4543,NIL
4544,NIL
4545,NIL
4546,NIL
4547,NIL
4548,NIL
4549,NIL
4550,NIL
4551,NIL
4552,NIL
4553,NIL
4554,NIL
4555,NIL
4556,NIL
4557,NIL
4558,NIL
4559,NIL
4560,NIL
4561,NIL
4562,NIL
4563,NIL
4564,NIL
4565,NIL
4566,NIL
4567,NIL
4568,NIL
4569,NIL
4570,NIL
4571,NIL
4572,NIL
4573,NIL
4574,NIL
4575,NIL
4576,NIL
4577,NIL
4578,NIL
4579,NIL
4580,NIL
4581,NIL
4582,NIL
4583,NIL
4584,NIL
4585,NIL
4586,NIL
4587,NIL
4588,NIL
4589,NIL
4590,NIL
4591,NIL
4592,NIL
4593,NIL
4594,NIL
4595,NIL
4596,NIL
4597,ORBS
4598,VAMPIRE_BLOOD
4599,NIL
4600,NIL
4601,NIL
4602,NIL
4603,ORBS
4604,PHOENIX_FEATHERS
4605,NIL
4606,NIL
4607,NIL
4608,NIL
4609,NIL
4610,NIL
4611,NIL
4612,NIL
4613,NIL
4614,NIL
4615,NIL
4616,NIL
4617,NIL
4618,NIL
4619,NIL
4620,NIL
4621,NIL
4622,NIL
4623,NIL
4624,NIL
4625,NIL
4626,NIL
4627,NIL
4628,NIL
4629,NIL
4630,NIL
4631,NIL
4632,NIL
4633,NIL
4634,NIL
4635,NIL
4636,NIL
4637,NIL
4638,NIL
4639,NIL
4640,NIL
4641,NIL
4642,NIL
4643,NIL
4644,NIL
4645,NIL
4646,NIL
4647,NIL
4648,NIL
4649,NIL
4650,NIL
4651,NIL
4652,NIL
4653,NIL
4654,NIL
4655,NIL
4656,NIL
4657,NIL
4658,NIL
4659,NIL
4660,NIL
4661,NIL
4662,NIL
4663,NIL
4664,NIL
4665,NIL
4666,NIL
4667,NIL
4668,NIL
4669,NIL
4670,NIL
4671,NIL
4672,NIL
4673,NIL
4674,NIL
4675,NIL
4676,NIL
4677,NIL
4678,NIL
4679,NIL
4680,NIL
4681,NIL
4682,NIL
4683,NIL
4684,NIL
4685,NIL
4686,NIL
4687,NIL
4688,NIL
4689,NIL
4690,NIL
4691,NIL
4692,NIL
4693,NIL
4694,NIL
4695,NIL
4696,NIL
4697,NIL
4698,NIL
4699,NIL
4700,NIL
4701,NIL
4702,NIL
4703,NIL
4704,NIL
4705,NIL
4706,NIL
4707,NIL
4708,NIL
4709,NIL
4710,NIL
4711,NIL
4712,NIL
4713,NIL
4714,NIL
4715,NIL
4716,NIL
4717,NIL
4718,NIL
4719,NIL
4720,NIL
4721,NIL
4722,NIL
4723,NIL
4724,NIL
4725,NIL
4726,NIL
4727,NIL
4728,NIL
4729,NIL
4730,NIL
4731,NIL
4732,NIL
4733,NIL
4734,NIL
4735,NIL
4736,NIL
4737,NIL
4738,ORBS
4739,PHOENIX_FEATHERS
4740,ORBS
4741,UNICORN_HORNS
4742,NIL
4743,ORBS
4744,UNICORN_HORNS
4745,NIL
4746,NIL
4747,ORBS
4748,UNICORN_HORNS
4749,NIL
4750,NIL
4751,NIL
4752,NIL
4753,NIL
4754,NIL
4755,NIL
4756,NIL
4757,NIL
4758,NIL
4759,NIL
4760,NIL
4761,ORBS
4762,UNICORN_HORNS
4763,NIL
4764,NIL
4765,NIL
4766,NIL
4767,NIL
4768,NIL
4769,NIL
4770,ORBS
4771,UNICORN_HORNS
4772,ORBS
4773,UNICORN_HORNS
4774,ORBS
4775,PHOENIX_FEATHERS
4776,NIL
4777,NIL
4778,NIL
4779,NIL
4780,NIL
4781,NIL
4782,NIL
4783,NIL
4784,NIL
4785,NIL
4786,NIL
4787,NIL
4788,NIL
4789,NIL
4790,NIL
4791,NIL
4792,NIL
4793,NIL
4794,NIL
4795,NIL
4796,NIL
4797,NIL
4798,NIL
4799,NIL
4800,NIL
4801,NIL
4802,NIL
4803,NIL
4804,NIL
4805,NIL
4806,NIL
4807,NIL
4808,NIL
4809,NIL
4810,NIL
4811,NIL
4812,NIL
4813,NIL
4814,NIL
4815,NIL
4816,NIL
4817,NIL
4818,NIL
4819,NIL
4820,NIL
4821,NIL
4822,NIL
4823,NIL
4824,NIL
4825,NIL
4826,NIL
4827,NIL
4828,NIL
4829,NIL
4830,NIL
4831,NIL
4832,NIL
4833,NIL
4834,NIL
4835,NIL
4836,NIL
4837,NIL
4838,NIL
4839,NIL
4840,NIL
4841,NIL
4842,NIL
4843,NIL
4844,NIL
4845,NIL
4846,NIL
4847,ORBS
4848,UNICORN_HORNS
4849,ORBS
4850,PHOENIX_FEATHERS
4851,NIL
4852,NIL
4853,NIL
4854,ORBS
4855,UNICORN_HORNS
4856,NIL
4857,NIL
4858,NIL
4859,NIL
4860,NIL
4861,NIL
4862,NIL
4863,NIL
4864,NIL
4865,NIL
4866,NIL
4867,NIL
4868,NIL
4869,NIL
4870,NIL
4871,NIL
4872,NIL
4873,NIL
4874,NIL
4875,NIL
4876,NIL
4877,NIL
4878,NIL
4879,NIL
4880,NIL
4881,NIL
4882,NIL
4883,NIL
4884,NIL
4885,NIL
4886,NIL
4887,NIL
4888,NIL
4889,NIL
4890,NIL
4891,NIL
4892,NIL
4893,NIL
4894,NIL
4895,NIL
4896,NIL
4897,NIL
4898,NIL
4899,NIL
4900,NIL
4901,NIL
4902,NIL
4903,NIL
4904,NIL
4905,NIL
4906,NIL
4907,NIL
4908,NIL
4909,NIL
4910,NIL
4911,NIL
4912,NIL
4913,NIL
4914,NIL
4915,NIL
4916,NIL
4917,NIL
4918,NIL
4919,NIL
4920,NIL
4921,NIL
4922,NIL
4923,NIL
4924,NIL
4925,NIL
4926,NIL
4927,NIL
4928,NIL
4929,NIL
4930,NIL
4931,NIL
4932,NIL
4933,NIL
4934,NIL
4935,NIL
4936,NIL
4937,NIL
4938,NIL
4939,NIL
4940,NIL
4941,NIL
4942,NIL
4943,NIL
4944,NIL
4945,NIL
4946,NIL
4947,NIL
4948,NIL
4949,NIL
4950,NIL
4951,NIL
4952,NIL
4953,NIL
4954,NIL
4955,NIL
4956,NIL
4957,NIL
4958,NIL
4959,NIL
4960,NIL
4961,NIL
4962,NIL
4963,NIL
4964,NIL
4965,NIL
4966,NIL
4967,NIL
4968,NIL
4969,NIL
4970,NIL
4971,NIL
4972,NIL
4973,NIL
4974,NIL
4975,NIL
4976,NIL
4977,NIL
4978,NIL
4979,NIL
4980,NIL
4981,NIL
4982,NIL
4983,NIL
4984,NIL
4985,NIL
4986,NIL
4987,NIL
4988,NIL
4989,NIL
4990,NIL
4991,NIL
4992,NIL
4993,NIL
4994,NIL
4995,NIL
4996,NIL
4997,NIL
4998,NIL
4999,NIL
5000,NIL
